    0/99   7328/7328     0.234     0.975      9.59      2.38      13.2       105     0.698     0.0668     0.0762     0.0739
    1/99   7328/7328     0.213     0.648      3.31      1.82      5.99       117     0.549     0.0871     0.0985      0.095
    2/99   7328/7328     0.203     0.586      3.13      1.57      5.49       132      0.54      0.125      0.154      0.131
    3/99   7328/7328     0.197     0.547         3      1.42      5.16       102     0.556      0.143      0.155      0.159
    4/99   7328/7328     0.192     0.519      2.91       1.3      4.93        87     0.521       0.19       0.21      0.202
    5/99   7328/7328     0.188     0.497      2.84      1.21      4.73       121     0.558      0.194      0.203      0.212
    6/99   7328/7328     0.185     0.481      2.78      1.14      4.58       118     0.548      0.214       0.23      0.229
    7/99   7328/7328     0.182     0.465      2.72      1.08      4.45        78      0.54      0.243      0.263      0.259
    8/99   7328/7328      0.18     0.453      2.68      1.03      4.34       102      0.53      0.249      0.261      0.268
    9/99   7328/7328     0.178     0.441      2.63     0.982      4.24       112     0.545      0.261      0.277      0.279
   10/99   7328/7328     0.176     0.431       2.6     0.942      4.15        83     0.518      0.271      0.289      0.288
   11/99   7328/7328     0.174     0.422      2.56     0.908      4.07       134     0.543      0.271      0.283      0.289
   12/99   7328/7328     0.172     0.414      2.53     0.879         4       176     0.526      0.293      0.311       0.31
   13/99   7328/7328     0.171     0.406       2.5      0.85      3.93       116     0.552      0.303      0.324      0.321
   14/99   7328/7328      0.17       0.4      2.48     0.826      3.87       129     0.554      0.319      0.337      0.339
   15/99   7328/7328     0.168     0.393      2.45     0.801      3.81       156     0.546      0.309      0.318      0.331
   16/99   7328/7328     0.167     0.388      2.43      0.78      3.77       103     0.536      0.324      0.335      0.345
   17/99   7328/7328     0.166     0.382       2.4     0.762      3.71       130     0.538      0.332      0.349      0.352
   18/99   7328/7328     0.165     0.377      2.38     0.741      3.67       111     0.575       0.33       0.34      0.351
   19/99   7328/7328     0.164     0.372      2.36     0.724      3.62       164     0.549      0.338      0.347      0.361
   20/99   7328/7328     0.163     0.367      2.34     0.708      3.58       113     0.547      0.341      0.357      0.362
   21/99   7328/7328     0.162     0.364      2.32     0.693      3.54       166     0.524      0.353      0.366      0.373
   22/99   7328/7328     0.161      0.36      2.31      0.68      3.51        79     0.562       0.35      0.355      0.373
   23/99   7328/7328     0.161     0.355      2.29     0.663      3.47       132     0.546       0.36      0.374      0.381
   24/99   7328/7328      0.16     0.351      2.27     0.652      3.43       141     0.559      0.361      0.375       0.38
   25/99   7328/7328     0.159     0.348      2.26      0.64       3.4       119     0.527       0.37      0.387       0.39
   26/99   7328/7328     0.158     0.344      2.24     0.628      3.37        96     0.509      0.364      0.385      0.385
   27/99   7328/7328     0.158     0.341      2.23     0.617      3.34        77     0.493      0.368       0.38       0.39
   28/99   7328/7328     0.157     0.338      2.21     0.606      3.31       136     0.553      0.374      0.392      0.394
   29/99   7328/7328     0.156     0.334      2.19     0.596      3.28        78     0.566      0.376      0.396      0.394
   30/99   7328/7328     0.156     0.332      2.18     0.586      3.25       129     0.555      0.386      0.398      0.408
   31/99   7328/7328     0.155     0.329      2.17     0.576      3.23        92     0.547      0.378      0.386      0.401
   32/99   7328/7328     0.154     0.326      2.15     0.566       3.2       202     0.521       0.38      0.399      0.402
   33/99   7328/7328     0.154     0.322      2.14     0.557      3.17       193     0.549      0.384      0.392      0.406
   34/99   7328/7328     0.153      0.32      2.13      0.55      3.15        94     0.569      0.391      0.409      0.412
   35/99   7328/7328     0.153     0.318      2.12     0.541      3.13       102     0.536      0.395      0.404      0.417
   36/99   7328/7328     0.152     0.316       2.1     0.534      3.11       116     0.523      0.383      0.388      0.406
   37/99   7328/7328     0.152     0.314      2.09     0.525      3.08        87     0.536      0.394      0.406      0.417
   38/99   7328/7328     0.151     0.311      2.08     0.519      3.06       120     0.528      0.396      0.409      0.419
   39/99   7328/7328     0.151     0.308      2.07     0.511      3.04        88     0.525      0.397      0.405       0.42
   40/99   7328/7328      0.15     0.306      2.05     0.504      3.01        69     0.838        0.4      0.411      0.425
   41/99   7328/7328      0.15     0.304      2.04     0.498      2.99        95      2.37      0.397      0.414       0.42
   42/99   7328/7328     0.149     0.301      2.03      0.49      2.97       107     0.636      0.405      0.419      0.427
   43/99   7328/7328     0.149       0.3      2.02     0.484      2.95        85     0.629      0.398      0.412      0.419
   44/99   7328/7328     0.149     0.298      2.01     0.479      2.94       107     0.496      0.397      0.401       0.42
   45/99   7328/7328     0.148     0.296         2     0.472      2.92       165     0.566      0.409       0.42      0.431
   46/99   7328/7328     0.148     0.294      1.99     0.467       2.9        87     0.547      0.403      0.413      0.425
   47/99   7328/7328     0.147     0.292      1.98      0.46      2.88       121     0.539      0.404      0.412      0.429
   48/99   7328/7328     0.147     0.291      1.96     0.456      2.86        70     0.541      0.413      0.423      0.437
   49/99   7328/7328     0.147     0.289      1.95     0.448      2.84       114     0.557      0.404      0.406      0.431
   50/99   7328/7328     0.146     0.287      1.95     0.445      2.83       116     0.544      0.409      0.423      0.432
   51/99   7328/7328     0.143     0.265      1.83     0.388      2.63        81     0.517      0.433      0.446      0.457
   52/99   7328/7328     0.142      0.26       1.8     0.374      2.57        73     0.525      0.437      0.444      0.461
   53/99   7328/7328     0.141     0.258      1.78     0.367      2.55        75     0.531      0.437      0.447       0.46
   54/99   7328/7328     0.141     0.257      1.77     0.364      2.54        84     0.543      0.436      0.446       0.46
   55/99   7328/7328      0.14     0.256      1.77     0.362      2.52       117     0.509      0.438      0.449      0.461
   56/99   7328/7328      0.14     0.255      1.76     0.358      2.51        67     0.512      0.436      0.446       0.46
   57/99   7328/7328      0.14     0.255      1.75     0.356       2.5        84     0.509      0.435      0.447      0.459
   58/99   7328/7328      0.14     0.254      1.74     0.355      2.49       119     0.489      0.438      0.452      0.462
   59/99   7328/7328      0.14     0.254      1.74     0.354      2.49        98     0.486      0.436      0.449       0.46
   60/99   7328/7328      0.14     0.253      1.73      0.35      2.48       111       0.5      0.437      0.449      0.461
   61/99   7328/7328     0.139     0.252      1.73     0.349      2.47        87     0.472      0.434      0.444      0.459
   62/99   7328/7328     0.139     0.252      1.72     0.347      2.46        87     0.487      0.437       0.45      0.461
   63/99   7328/7328     0.139     0.251      1.72     0.345      2.46        87       0.5      0.437      0.449      0.462
   64/99   7328/7328     0.139     0.251      1.72     0.344      2.45       110     0.493      0.437      0.451      0.461
   65/99   7328/7328     0.139     0.251      1.71     0.343      2.45        75      0.48      0.435      0.447       0.46
   66/99   7328/7328     0.139     0.249      1.71     0.341      2.44       127     0.481      0.437      0.448      0.462
   67/99   7328/7328     0.139     0.249       1.7      0.34      2.43       106     0.498      0.437      0.449      0.461
   68/99   7328/7328     0.139     0.249       1.7     0.339      2.43       129     0.484      0.436      0.447       0.46
   69/99   7328/7328     0.138     0.248      1.69     0.337      2.42       101      0.48      0.437      0.451      0.461
   70/99   7328/7328     0.139     0.248      1.69     0.336      2.42       108     0.481      0.434      0.445      0.459
   71/99   7328/7328     0.138     0.248      1.69     0.335      2.41       147     0.479      0.437      0.449      0.461
   72/99   7328/7328     0.138     0.247      1.68     0.333       2.4        57     0.464      0.435      0.448       0.46
   73/99   7328/7328     0.138     0.247      1.68     0.332       2.4        90       0.5      0.436      0.447      0.461
   74/99   7328/7328     0.138     0.245      1.68     0.331      2.39       146     0.481      0.436      0.449       0.46
   75/99   7328/7328     0.138     0.246      1.67      0.33      2.39       132     0.477      0.437       0.45      0.461
   76/99   7328/7328     0.138     0.246      1.67     0.329      2.38       148     0.479      0.438      0.451      0.462
   77/99   7328/7328     0.138     0.246      1.67     0.328      2.38       130     0.484      0.436      0.449       0.46
   78/99   7328/7328     0.138     0.246      1.66     0.327      2.37        94     0.477      0.433      0.447      0.458
   79/99   7328/7328     0.138     0.244      1.66     0.325      2.36       105     0.488      0.435      0.447       0.46
   80/99   7328/7328     0.137     0.244      1.66     0.325      2.36       158     0.504      0.433      0.448      0.457
   81/99   7328/7328     0.137     0.244      1.65     0.323      2.36        60     0.498      0.435      0.447       0.46
   82/99   7328/7328     0.137     0.244      1.65     0.323      2.36        68     0.476      0.437       0.45      0.462
   83/99   7328/7328     0.137     0.244      1.65     0.321      2.35        77     0.496      0.434      0.444      0.459
   84/99   7328/7328     0.137     0.243      1.64      0.32      2.34       144     0.497      0.435      0.447      0.461
   85/99   7328/7328     0.137     0.242      1.64     0.319      2.34       100     0.494      0.435      0.447       0.46
   86/99   7328/7328     0.137     0.242      1.64     0.318      2.34       106     0.486      0.437      0.451      0.461
   87/99   7328/7328     0.137     0.242      1.63     0.317      2.33        90     0.465      0.433      0.444      0.457
   88/99   7328/7328     0.137     0.241      1.63     0.316      2.32       140     0.574      0.434      0.446      0.459
   89/99   7328/7328     0.137     0.241      1.63     0.316      2.32       129     0.505      0.436      0.449       0.46
   90/99   7328/7328     0.137     0.241      1.62     0.315      2.32       143     0.512      0.436      0.447      0.461
   91/99   7328/7328     0.136      0.24      1.62     0.313      2.31       120     0.497      0.438      0.451      0.463
   92/99   7328/7328     0.136      0.24      1.62     0.313      2.31       104     0.488      0.436      0.448      0.461
   93/99   7328/7328     0.136      0.24      1.61     0.313       2.3        79     0.521      0.435      0.446      0.459
   94/99   7328/7328     0.136      0.24      1.61     0.312       2.3        84      0.51      0.431      0.441      0.456
   95/99   7328/7328     0.136     0.239      1.61     0.311       2.3       116      0.48      0.434      0.447      0.457
   96/99   7328/7328     0.136     0.239      1.61     0.309      2.29       107     0.471      0.435      0.448       0.46
   97/99   7328/7328     0.136     0.239       1.6     0.308      2.29       178     0.503      0.435      0.446      0.459
   98/99   7328/7328     0.136     0.238       1.6     0.307      2.28        88      0.48      0.434      0.447      0.458
   99/99   7328/7328     0.136     0.238      1.59     0.306      2.27        97     0.477      0.432      0.443      0.456
